00000000000000000,83.694568071
11001100001110111,83.71113050180003
11101100101101011,83.36132545899994
00010111011000110,83.28963940410001
01111101110101100,83.55787460150003
00110000110001011,83.2979719309
01101101111010010,83.86920296819994
00111100100111000,83.01677059249998
10111001110000001,83.62086407679999
11101110111001111,83.78891018179996
10100001100110101,83.34116824230003
00010101011110101,83.42614578929998
01100101001001100,83.79765012810003
11011100111001111,83.55308627380002
11100101011011101,83.4786841937
01110111000011000,83.8140439469
10000001101110100,83.54775296919999
00100101100011100,83.56235119729999
11101010000110010,83.59003507809999
00101011101011101,83.53878596489997
11010111100010011,83.75875470010001
01110101101000001,83.67119381129999
10110111001011011,83.7027307017
00001010010001111,83.2744758965
11100101101010010,83.5082222983
01101100110011000,83.52034192749997
11110111110110111,83.3761065552
01011000101110000,83.46193384240001
11011100000001101,83.65255105419999
01010010110100110,83.666764961
11111110110010010,83.45769787289996
00011101111101101,83.60245957220002
10110111110111001,83.70499654830002
00000101001010111,83.5657479907
00000010100100100,83.80570682350002
