00000000000000000,76.96350407919996
01000111000110011,76.20855293600002
10100110101110100,76.36203407429994
01101100110000011,78.26479437549995
10011100101000011,76.48728543129998
10101001000000101,76.32282334810003
11101101010010011,77.40822936969998
00101000010111111,76.19286758509998
01000010110101101,76.51242452659997
11100010110111110,76.29810992580002
01000000000000000,76.12107877709998
00100000000000000,76.23611308730003
00001000000000000,76.25226467419998
00000010000000000,76.10157607199997
00000000100000000,75.82133414460003
00000000000001000,76.2119781024
00010000000000000,76.7046680741
00010011010110101,76.59461071269999
01010010010101011,76.13984841549996
00010010000001001,76.11427367270001
10000101111101100,78.47734895189998
01010001110110110,75.887193252
10010000100011101,76.04634669619996
00110000011100000,75.89470888459996
10011111100010010,75.63489210859993
00110011101001000,76.30034896909999
01011001101111111,76.07190893869998
00000000001000000,76.09117093499998
00000000000000001,76.5083325565
00000000000010000,76.04433287839998
00000000000000100,76.09225942829998
00000000000100000,75.98547616029998
00000001000000000,75.47945092580002
00000000010000000,76.09866071080002
00000100000000000,76.37658167419997
10000000000000000,75.8752585798
