10000000000000000,76.4260902543
01000000000000000,76.40850662959996
00100000000000000,76.53028227629996
00010000000000000,76.71995993559997
00001000000000000,79.34082863180001
00000100000000000,75.960619415
00000010000000000,75.7763556447
00000001000000000,76.3254021489
00000000100000000,76.18962467329999
00000000010000000,76.01803603510001
00000000000100000,76.36642837770003
00000000000000010,75.97709648619997
00011100111001101,76.28007633109998
01101001001100011,75.93383587489998
11110110101101111,76.18603629349997
10101110101011000,77.54425147259997
10101011110011110,75.8663878914
00111001010101110,76.51610647270002
11001111110010010,76.74696815929997
00000100000000001,76.117603691
00000000000011100,76.27303938059998
00000000000010000,77.1691176432
11010111000000000,76.23687509769998
01001111000101110,76.03869604090002
11000111011000100,75.90438257030002
10111100010100000,76.2500994292
11010100110011011,76.35252044349997
00010111100110111,75.92973045239998
00000000000001000,76.23258787679997
00000000001000000,76.20491650509999
00000000000000100,76.09905650870002
11100101001111101,76.64804192810001
11111000110001101,76.48266375839998
01000001000101001,77.9332961666
01101111001110101,75.90767131859998
01000011010100110,78.37776080859999
00000000000000001,76.0083902936
10000000000000010,75.45996325990004
10000010010000000,77.53821302339993
11011011000010100,75.90052204499995
00001011001010110,76.28273719040001
01111100110111001,76.20567094559996
01011101001101011,75.9803431064
00010001111100001,76.14830983559997
00111001101011111,76.92705649029998
00000000010100000,75.72567732139996
00000000001001000,75.97236304660001
00000001000000100,76.2837320669
00110100110110111,76.132114547
10000110101101101,75.96269611100001
11001100000100011,75.2093487084
10010011111111111,76.3375063585
11111010001110000,76.25347239959999
