00000000000000000,60.23252553620001
00101101100110011,61.09498854100001
11010110011111000,60.12079638599999
11101110110011001,53.932972164599974
01101000000101100,60.632039314999986
01011111100000010,54.60472224899999
01111100000101111,60.01363565099999
00111100000101011,60.51468267860001
11011110011111000,53.518319996200006
01101000000111101,58.01582054609999
00111100000101001,60.336938756600006
01101111100000010,57.14725179359999
01101100000111101,59.84711086200003
01101101100110011,59.7977313146
00000000100110011,53.88744762539998
00000000000101100,60.98795137759999
00000100000000001,55.02859089140003
10100111100110011,60.53713262579998
11000110011111000,60.46527815260001
11101110010011000,60.63645117179997
01101000001101100,55.1322322062
10000111100010011,60.72643193300002
11101100010011000,60.599520463999994
01011111100000110,60.8041487402
11100100010111000,60.660537720600004
00000111100000011,53.70787913979997
00000000001101100,60.28111500600002
11000110011111010,60.58084865039996
00000000011101100,59.349940950000004
00010000011101100,60.585642964
11100100000111000,61.362070842600005
